dataset_name: 'tum'
camera_params:
  image_height: 480
  image_width: 640
  fx: 651.680743
  fy: 660.331277
  cx: 359.882330
  cy: 260.717122
  crop_edge: 8
  png_depth_scale: 1000.0  # Realsense的默认放缩系数是1000.0