dataset_name: 'tum'
camera_params:
  image_height: 720
  image_width: 1280
  fx: 604.95855712890625
  fy: 604.8807373046875
  cx: 640.03472900390625
  cy: 365.88470458984375
  crop_edge: 8
  png_depth_scale: 1000.0  # Realsense的默认放缩系数是1000.0
